2410078 0
1025466 1674
813190 3324
712744 4980
665634 6521
613594 8042
578051 9515
547530 10922
510703 12465
488131 14034
468159 15488
446594 17199
422504 18779
406506 20173
392824 21613
376580 23141
361471 24915
346782 26749
331025 28500
318155 30261
309121 31928
297686 33784
285072 35755
276385 37797
270074 39692
263891 41512
258296 43207
251855 45036
245166 46884
237749 48789
228632 50807
219670 52744
213990 54645
208434 56468
205075 58180
201341 59700
197092 61273
192213 62996
187351 64648
181704 66474
174283 68303
168945 70174
162147 72019
158980 73756
155530 75550
152692 77333
149616 78919
146302 80645
142560 82500
138518 84349
134215 86295
129598 88226
124535 89805
121323 91343
118123 92815
115637 94388
112861 95929
109772 97611
106372 99427
103295 101122
100045 102987
97511 105143
95119 106723
93141 108529
91187 109819
89280 111192
87322 112649
85062 114130
82706 115658
79943 117500
77181 119284
74472 121213
71994 123223
69926 125029
67951 126959
66180 128676
64408 130272
62599 131744
60641 133322
58494 135073
56115 136833
53265 138973
50496 140996
47931 143309
45115 145572
43032 147691
40932 149344
38692 151026
35896 152884
33129 155286
30084 157376
27213 159300
24993 160828
22683 162065
19900 163631
16087 165638
11601 167522
7859 169095
5592 170166
2786 171659
4 173466
